Train Loss,Valid Loss
6.1160855293273,6.189640045166
5.5112504959106,5.7243032455444
5.1519789695739,5.5835018157958
5.0049176216125,5.457799911499
4.7164373397827,5.3982987403869
4.456024646759,5.4200758934021
4.2338986396789,5.4006729125976
4.0508050918579,5.5037021636962
3.8865251541137,5.4293737411499
3.7687785625457,5.4092140197753
3.8164422512054,5.5181293487548
3.5297408103942,5.6155657768249
3.6172564029693,5.7454771995544
3.3971619606018,5.6745414733886
3.2620558738708,5.6341443061828
3.1346135139465,5.7157912254333
3.2164762020111,5.7249608039855
2.9474911689758,5.7809543609619
3.0615322589874,5.7650785446166
3.0173232555389,5.8209447860717
