Train Loss,Valid Loss
6.5214519500732,6.6040787696838
6.1916761398315,6.2583322525024
5.8029980659484,5.9720768928527
5.6573758125305,5.8230772018432
5.547049999237,5.6859955787658
5.4077229499816,5.6000423431396
5.407564163208,5.5947923660278
5.2234854698181,5.5432252883911
5.2693181037902,5.4890456199646
5.1510868072509,5.4974822998046
5.0905580520629,5.521342754364
4.9680047035217,5.5120882987976
5.0128178596496,5.5369901657104
5.0323538780212,5.4052290916442
4.8913588523864,5.5395770072937
4.8609814643859,5.336805820465
4.9001331329345,5.415666103363
4.8484215736389,5.3862290382385
4.7727332115173,5.3684544563293
4.8441114425659,5.4917793273925
