Train Loss,Valid Loss
6.290328502655,6.4098963737487
5.9060015678405,5.8928251266479
5.5481328964233,5.7466216087341
5.2789816856384,5.6618127822875
5.2974190711975,5.6338238716125
5.0616264343261,5.4964079856872
5.0703477859497,5.5407638549804
4.8451161384582,5.4391455650329
4.7317714691162,5.389241695404
4.6543989181518,5.3396229743957
4.660418510437,5.3966970443725
4.5736322402954,5.3701825141906
4.4042892456054,5.4072480201721
4.3906779289245,5.3517842292785
4.2744560241699,5.4311394691467
4.4022932052612,5.4341654777526
4.3976097106933,5.379759311676
4.3473048210144,5.4444217681884
4.2386302947998,5.3422727584838
4.1987342834472,5.3897314071655
