Train Loss,Valid Loss
6.1389970779418,6.1926984786987
5.5943398475646,5.8611931800842
5.4166760444641,5.6255178451538
4.9479513168334,5.5195479393005
4.9519176483154,5.4528422355651
4.6565523147583,5.4104585647583
4.4875001907348,5.3856415748596
4.506504535675,5.5078258514404
4.3890824317932,5.4364547729492
4.2391552925109,5.4845023155212
4.1785588264465,5.4154248237609
4.1129560470581,5.3531131744384
3.9948334693908,5.5016674995422
3.8501088619232,5.5002417564392
3.7922282218933,5.5766510963439
3.715085029602,5.6012578010559
3.7551517486572,5.4822974205017
3.6295158863067,5.592514514923
3.6767342090606,5.6115074157714
3.586098909378,5.6533346176147
